#rho[1/m²]   v[m/s]
0.00126807   1.34408
 0.0729707   1.33199
  0.136691   1.32191
  0.204516   1.30584
    0.2603   1.29577
  0.320143    1.2817
  0.387968   1.26563
  0.443933   1.24757
  0.503821   1.23151
  0.555772   1.21546
  0.611737    1.1974
  0.671806   1.17335
  0.719834    1.1553
  0.763894   1.13726
  0.799972   1.12123
  0.847955   1.10519
  0.884169   1.08317
  0.928183   1.06713
  0.964442   1.04311
   1.00444   1.02907
   1.04061   1.00904
   1.07682  0.987024
   1.12098  0.964991
   1.15732  0.936978
   1.19345  0.918951
   1.22551  0.904925
   1.26168  0.884901
   1.30592  0.858874
   1.35016  0.832846
    1.4022  0.812799
   1.44635  0.790767
   1.47454  0.772751
   1.51071  0.752727
   1.55472  0.736686
   1.58286  0.720668
     1.623  0.700638
   1.67509  0.678594
   1.72312   0.66055
   1.77133  0.634517
   1.82729  0.616461
   1.88339  0.592414
   1.93539  0.574364
   1.97945  0.556326
   2.03541   0.53827
   2.07541  0.524232
   2.12335  0.510183
   2.16737  0.494142
   2.22735  0.474083
   2.28331  0.456027
    2.3312  0.443975
   2.38306  0.431917
   2.44295  0.415853
   2.51479  0.397774
   2.57463  0.383707
   2.63443  0.371637
   2.70618  0.357553
   2.77784  0.347463
   2.86546  0.333356
   2.92922   0.32128
   3.00088  0.311191
   3.07249  0.303098
   3.15218  0.289002
   3.22776  0.280904
   3.30338  0.270808
   3.36701  0.264724
   3.42677  0.254652
    3.5023  0.248551
   3.57396  0.238461
   3.64557  0.230368
   3.72111  0.224267
   3.79272  0.216174
   3.89202  0.212036
   3.96358  0.205941
   4.03118  0.199851
   4.12259  0.193727
   4.20606  0.187614
   4.30144  0.181484
   4.39289  0.173363
   4.48823   0.16923
   4.59159  0.161091
   4.67898   0.15697
   4.77842   0.14684
   4.86595  0.136727
   4.96141  0.126603
   5.05693  0.114481
   5.13264  0.100391
   5.20042 0.0863124
   5.27628 0.0662308
   5.32421 0.0521811
   5.36823   0.03614
   5.40047 0.0
